2.498
2.116
1.889111111111113
1.814125
1.76882
1.731222222222226
1.7236405895691582
1.6954722222222223
1.697598765432102
1.708658024691358
1.7184489337822706
1.7305663580246942
1.6978901581561774
1.7046797367094995
1.705381913580242
1.69770524691358
1.6893012676748231
1.6851925488060173
1.6773070968720867
1.6678844375923083
1.6701561496104476
1.6804539794862026
1.6774189609731773
1.6826685343296202
1.6728423621073913
1.665808515953545
1.6676714310272902
1.6664178162068743
1.6675756609737946
1.667266362519573
1.6640265290128102
1.6600381563053443
1.661085504790194
1.656218867355765
1.6576068173592984
1.6591477558828533
1.6605253395476007
1.6538698021130358
1.6565046273938202
1.6545715578671947
1.655546693946907
1.6522564161859936
1.652668787155651
1.6539631706508633
1.6554051571828512
1.6622230894566514
1.6598479618424296
1.6614028819766047
1.6657649963589234
1.663148447254381
1.6682930836250076
1.6670977655975745
1.6682275083833393
1.6702390175389483
1.6718425083392066
1.678426947958029
1.6822676883977898
1.6855812111903115
1.6882732296250227
1.6889165840251
1.6875954587302266
1.6871431741044254
1.6860908300928599
1.6832535571700917
1.6825373191893211
1.684731272927891
1.6841089412451602
1.6875758713649973
1.6866309060906273
1.6848372084880832
1.6886653248725083
1.6876482471628111
1.6905351048150967
1.6949694405013718
1.6953579166315567
1.6964585387922222
1.6931472056178936
1.6935539229431917
1.694312029369902
1.6964927407442776
1.6955809712445844
1.6958945737599787
1.6970022494474253
1.699312740818699
1.7000564266852025
1.7003284601981252
1.7000130473398496
1.702140143379973
1.7051952570685036
1.7058280918365303
1.7078566933205153
1.707508836330605
1.7093101381135847
1.710547188521889
1.713676400045134
1.71336035616625
1.713179984204117
1.7110839651861123
1.712076160710024
1.7109836711477342
1.71481893927831
1.7165902854320751
1.7168346165475727
1.717700443562539
1.718979841028627
1.7192834150605882
1.717907495334115
1.7189568404437758
1.721450080391042
1.7231707703599528
1.7234803859259313
1.7230612999075154
1.7244056429238654
1.7233232198328359
1.7225381480265327
1.7228353210067602
1.7224359939174478
1.722167048145037
1.7240364200078797
1.7254707733766776
1.7262884600385646
1.7272613405405257
1.7266382571513739
1.7272043217997675
1.7285460890505482
1.7293702400447537
1.7300438399389404
1.7315944924584599
1.7334986356764164
1.7340216863436773
1.7340557475923664
1.7345799626452472
1.7356904356849172
1.7360004025134605
1.7360304700310423
1.7375744165781897
1.7384535690197485
1.740060418740184
1.7409638808394736
1.740798592361986
1.7408554909493987
1.739705687847486
1.7376137536983147
1.7385388224594132
1.7383035888539518
1.73806436614573
1.7386176685864403
1.7386700034866018
1.7399301007554966
1.7419371202791432
1.7432063086324798
1.7428960496551915
1.7435076636381834
1.7428972255667752
1.7423153305513728
1.7404079597433804
1.7412631118448276
1.739746792778006
1.7398037095627474
1.740560405605476
1.7416531537211462
1.7421631946001057
1.7423181313431921
1.7434076671139145
1.7437080126546631
1.744387501223296
1.7455017854614012
1.747220844809508
1.7475878337902457
1.7474977042199424
1.7488648128999993
1.7485036035443322
1.7498515633119582
1.7500866187819673
1.7504859664411891
1.75057899323112
1.7513839002732248
1.7525739824703372
1.7532295595267398
1.7532922542916616
1.754015297161818
1.7547082100337303
1.7547662409355922
1.7553431540440274
1.7561024302101036
1.7570328541160252
1.7565714212983397
1.757793027869139
1.7574384284127411
1.7584495401163163
1.7579063531046129
1.7581746376966443
1.7598100972268897
1.760436268046177
1.7609265236500655
1.7623522748026772
1.7626001828567734
1.7628313080540705
1.7631747826881896
1.7632815822058783
