2.932
2.497
2.2104444444444464
2.142
2.0883999999999996
2.065277777777782
2.047836734693876
2.05825
2.0714074074074103
2.1124399999999985
2.115239669421492
2.088805555555558
2.0957514792899357
2.095693877551019
2.094257777777774
2.10746875
2.1011833910034587
2.1210246913580266
2.131124653739612
2.150535000000002
2.164489795918365
2.183409090909092
2.2025519848771267
2.205711805555557
2.2079936000000004
2.2129674556212997
2.2198792866940997
2.2193418367346918
2.2045636147443513
2.2084800000000007
2.210649323621227
2.218181640625
2.2183489439853084
2.2310432525951556
2.233529795918369
2.2487762345679023
2.2510854638422204
2.256117728531857
2.259798816568044
2.2678900000000013
2.2734324806662687
2.281650793650796
2.283663601946996
2.2771404958677675
2.279646419753089
2.2728402646502865
2.2756930737890455
2.2842178819444454
2.289490212411494
2.2997160000000005
2.3056216839677055
2.3041752958579886
2.3058996084015675
2.313604938271604
2.3137064462809946
2.313134566326531
2.3177993228685754
2.3177984542211636
2.318394139615053
2.3150466666666665
2.3167524858908912
2.3166795005202916
2.3193998488284184
2.32646240234375
2.3328615384615383
2.337292470156104
2.346620628202274
2.3511228373702413
2.354627599243854
2.3571730612244894
2.3586760563380285
2.36298263888889
2.3666965659598462
2.3742286340394454
2.3746229333333346
2.3805692520775645
2.3857331759149956
2.3848395792241956
2.389134433584363
2.3895490624999987
2.3919390336838915
2.3899066032123755
2.3898722601248377
2.39525992063492
2.397529411764707
2.4032103839913477
2.405559519091028
2.4067538739669416
2.408662037621511
2.408425925925926
2.4120898442217107
2.413910207939509
2.4135731298416014
2.4171179266636464
2.4166280332409995
2.416403428819445
2.414539058348388
2.414087047063726
2.414372206917662
2.4191143999999967
2.4167414959317726
2.419931372549019
2.4201766424733733
2.4241164595023967
2.427613716191069
2.4274983692619836
2.4322037980863476
2.438289955658051
2.4428933347290136
2.4410953109936364
2.441432165721943
2.44642098232312
2.447240858973021
2.4475405408742215
2.4474052171887557
2.452333624195899
2.456150634840199
2.458900237522466
2.4618202178504673
2.4664630301028225
2.4698531174621396
2.474496081925193
2.4821507000726015
2.4849115678222375
2.485944746219738
2.4880105265775097
2.489501249154822
2.491336029374677
2.4945653848721827
2.4968237183886375
2.4981720580634663
2.500618549540849
2.499161650409854
2.4978118271957865
2.5002367569478636
2.499224592039778
2.5016615077068765
2.501431367649347
2.502245859812669
2.503838917076151
2.5043659168985677
2.506623403835745
2.5093101539411875
2.5103252248677888
2.512333787856807
2.511545384614191
2.5128083876671097
2.5146358139162044
2.516894526889667
2.5201926230875378
2.5220472493310258
2.5223288568671594
2.5246172373882905
2.5242089137930925
2.5256972727385
2.5293616882026133
2.528445111083796
2.530121655718226
2.5302256419775646
2.5311063229515427
2.531886151203732
2.5320042696250664
2.532375446860044
2.5334584515208443
2.5331664222398813
2.5315484557901287
2.5340074620159987
2.5347965313553273
2.5376166437643146
2.5389718213366486
2.5380472063585615
2.538103173161472
2.5405680946628197
2.5416877887990292
2.540819816268757
2.5407408572326644
2.5422943360753396
2.5434448383103962
2.5429670047753192
2.5438683297482236
2.543730306486975
2.544584284856499
2.544741646067077
2.5467352793858455
2.548422074465872
2.5494849295948137
2.549301466896118
2.55084327222383
2.5510241655459005
2.5520641479161936
2.5523194863191176
2.5526574039541106
2.554021321993848
2.5541969461133984
2.5565097840281075
2.557719362874419
2.559305155594541
2.5604458535684254
2.560995671437029
2.562941906501801
