2.798
2.19
1.9086666666666687
1.885625
1.8228000000000013
1.8190000000000004
1.783999999999997
1.7535
1.7354320987654344
1.7128800000000002
1.7076694214876047
1.689694444444446
1.68479289940828
1.6704693877551018
1.674844444444441
1.6960859375
1.7013010380622837
1.6924629629629633
1.6847313019390593
1.678844999999998
1.6653333333333322
1.6589462809917372
1.651659735349716
1.6662847222222237
1.6671423999999984
1.6579704142011829
1.6646529492455409
1.6646887755102058
1.667571938168847
1.668864478795085
1.6720987532776825
1.6763664391192554
1.6712269619613138
1.6653367544441777
1.6713843231187069
1.6667181011484375
1.6626458036256893
1.6622474084123289
1.6680720663407576
1.6639829728167608
1.6611733498244914
1.6586883885189336
1.6569691960645896
1.6582640466427496
1.653337523328803
1.6557262726578388
1.6541863017021088
1.6488835035688423
1.6527554087935166
1.6465900813466199
1.6476762497433899
1.645306903577031
1.6426817345303681
1.6427679357520935
1.6450196962300507
1.647522979456565
1.6461614435679714
1.6477538051068163
1.6446907416821654
1.6437790288921001
1.6461196629809036
1.6431994353502855
1.6478716971482135
1.6495529907232227
1.6485855163796554
1.6481153569043248
1.6505863326861603
1.650303831670604
1.6504252656254084
1.654269207688685
1.6544946231188955
1.6526735104097763
1.6542252604283103
1.6498849163540106
1.651996617806813
1.6528588713001948
1.651839254881251
1.6524137419437492
1.6488932077591396
1.6472520832899027
1.6431231976874792
1.6435530490680292
1.6435891562124318
1.6421370783739917
1.6418881849734934
1.6430754468807058
1.6404636264846673
1.641011792926409
1.6390607100937127
1.6400631908566812
1.6411968048563
1.6409359782927044
1.6403541386250593
1.6394665604223697
1.639500940577089
1.642044848895034
1.6428949456921318
1.6431446393202478
1.644611957953125
1.6444837409344548
1.6463584307099683
1.6476484431741634
1.6495773317419682
1.6505122762229283
1.6498826216757059
1.6507208064058685
1.6508323160335476
1.650712353462615
1.650244095146175
1.6518663487339245
1.6525887722116792
1.652783668897526
1.6517857797725182
1.6518418460486624
1.6532039876178868
1.6524448815824473
1.651235732132579
1.6510069305351278
1.652394609340531
1.6507800664449435
1.6512732329522388
1.6521204866388368
1.6523969822425604
1.6517753147776937
1.6525625094499106
1.6535751106774228
1.6547168517321331
1.6546032025456054
1.6546549883504325
1.6545584053759648
1.652920918339689
1.6540796229180903
1.6533472895109884
1.653631233210856
1.6521528673716042
1.6514181029113526
1.6495091831311468
1.6511365785236023
1.6530728255467098
1.655383967129994
1.6552333296533333
1.655744607997329
1.6567394375823683
1.6556028510139116
1.6580372651905237
1.6577525528465822
1.6579282357501597
1.6567797737180494
1.657100242698266
1.6575174031064566
1.6582529020407142
1.6579127228841837
1.6575194327578868
1.6565345920832877
1.6551999921547893
1.6564632260820287
1.656635287968321
1.6559954659958527
1.655881411056214
1.6564572643248494
1.656509985721714
1.656412374647684
1.6566625593820579
1.657678704888414
1.6589092349852281
1.658777530106036
1.6583217762806843
1.6594447454173642
1.657774999561317
1.6569560566855752
1.6570595167843205
1.6564130414685694
1.6573550884238066
1.657580642023046
1.6580207135219893
1.6579369423400874
1.6585083789652408
1.658967916314033
1.6594300177216244
1.6593150327794912
1.658965441841983
1.6594338768699641
1.6598593377799773
1.6592663158020189
1.658393927069471
1.6572442013024176
1.6576547325735262
1.6572629220365207
1.656865035379048
1.6570042844547375
1.6588415159525425
1.6601759978545345
1.6608732205737167
1.6614274301618748
1.6610721529652879
1.661376594961707
1.6626012211449304
1.662520363839296
1.662312414577293
1.6622953887143106
