3.23400
2.40900
2.12000
2.01025
1.92456
1.88367
1.84849
1.82737
1.84331
1.81064
1.81058
1.78557
1.77373
1.77901
1.76740
1.76370
1.74356
1.74412
1.73539
1.73866
1.72113
1.72063
1.72114
1.72598
1.72844
1.73141
1.72695
1.73242
1.71632
1.71744
1.71072
1.70226
1.70860
1.70236
1.69760
1.70045
1.69161
1.69551
1.68645
1.68510
1.68833
1.68248
1.67373
1.66640
1.66729
1.66813
1.66762
1.66805
1.67144
1.66969
1.66973
1.67348
1.67017
1.66970
1.67089
1.67328
1.67073
1.67004
1.66395
1.66066
1.65922
1.65872
1.65741
1.65829
1.65481
1.65130
1.65283
1.65195
1.64789
1.64427
1.64384
1.64195
1.64000
1.63537
1.63079
1.62541
1.62131
1.62214
1.61889
1.61888
1.61764
1.61611
1.61642
1.61682
1.61282
1.61035
1.60950
1.61208
1.60786
1.60456
1.60263
1.60296
1.60340
1.60146
1.60017
1.60085
1.59988
1.59946
1.59738
1.59557
1.59440
1.59131
1.59254
1.59306
1.59225
1.59234
1.58947
1.58825
1.58649
1.58456
1.58296
1.58450
1.58185
1.58297
1.58224
1.58139
1.58031
1.57972
1.57869
1.57896
1.57993
1.58271
1.58125
1.58121
1.58160
1.57916
1.57633
1.57618
1.57636
1.57574
1.57483
1.57406
1.57403
1.57459
1.57352
1.57474
1.57470
1.57631
1.57616
1.57394
1.57439
1.57217
1.57088
1.57115
1.56924
1.56793
1.56579
1.56635
1.56588
1.56576
1.56440
1.56376
1.56144
1.55983
1.56018
1.55968
1.55951
1.55993
1.56075
1.55956
1.55970
1.55985
1.56030
1.55944
1.55727
1.55686
1.55621
1.55652
1.55531
1.55550
1.55337
1.55356
1.55098
1.55094
1.55007
1.55110
1.55081
1.54943
1.54900
1.54893
1.54813
1.54823
1.54766
1.54677
1.54546
1.54646
1.54629
1.54628
1.54492
1.54477
1.54362
1.54354
1.54280
1.54195
1.54175
1.54091
1.53995
1.53922
1.53852
1.53871
3.75000
2.80450
2.47578
2.33425
2.22512
2.13144
2.11616
2.02697
2.02701
1.99742
2.00200
1.98631
1.97847
1.97362
1.98238
1.95879
1.96427
1.94366
1.94116
1.94653
1.94252
1.92730
1.93476
1.92453
1.91198
1.90887
1.90240
1.89948
1.88888
1.87957
1.88683
1.88372
1.87323
1.87453
1.87864
1.86815
1.86832
1.86626
1.86646
1.86505
1.85615
1.85815
1.85203
1.84592
1.84742
1.84854
1.84938
1.84901
1.84826
1.85057
1.84128
1.84158
1.83957
1.84097
1.83858
1.84086
1.83711
1.83078
1.83104
1.83068
1.82573
1.81765
1.81811
1.81391
1.81166
1.81160
1.81095
1.81206
1.81504
1.81437
1.81746
1.81699
1.81404
1.81575
1.81733
1.81499
1.81484
1.81337
1.81387
1.81450
1.81445
1.81403
1.81608
1.81602
1.81615
1.81610
1.81766
1.81563
1.81688
1.82034
1.81721
1.81332
1.81290
1.81295
1.81476
1.81544
1.81235
1.81105
1.80594
1.80535
1.80292
1.79919
1.80060
1.79979
1.79984
1.80042
1.79850
1.79784
1.79730
1.79552
1.79581
1.79616
1.79755
1.79440
1.79490
1.79223
1.79262
1.79217
1.79086
1.79138
1.79094
1.79001
1.78994
1.78924
1.79108
1.78999
1.79019
1.79067
1.79246
1.79208
1.79154
1.79033
1.78988
1.78930
1.78915
1.78978
1.78847
1.78804
1.78772
1.78766
1.78773
1.78749
1.78645
1.78739
1.78842
1.78757
1.78773
1.78770
1.78732
1.78806
1.78790
1.78800
1.78785
1.78859
1.79025
1.78902
1.78784
1.78744
1.78591
1.78468
1.78551
1.78495
1.78275
1.78201
1.78175
1.78337
1.78271
1.78390
1.78439
1.78304
1.78280
1.78299
1.78515
1.78544
1.78519
1.78383
1.78499
1.78420
1.78347
1.78297
1.78180
1.78081
1.78154
1.78086
1.78109
1.78108
1.78303
1.78228
1.78108
1.78149
1.77920
1.77882
1.78042
1.78223
1.78200
1.78152
1.78326
1.78404
1.78480
1.78527
4.17800
3.03700
2.69889
2.54275
2.47312
2.38494
2.32449
2.31991
2.31447
2.29358
2.26230
2.24525
2.24666
2.23645
2.23661
2.22748
2.23019
2.22022
2.20343
2.18406
2.18354
2.18007
2.18871
2.18316
2.18915
2.18165
2.18834
2.18346
2.16853
2.16431
2.17402
2.17128
2.16008
2.15639
2.16509
2.16946
2.17673
2.18043
2.18589
2.17228
2.17203
2.16674
2.16892
2.16961
2.17215
2.17619
2.17082
2.17005
2.16635
2.16149
2.16096
2.15566
2.15120
2.14755
2.14373
2.14144
2.14571
2.14503
2.14908
2.15014
2.14667
2.14442
2.14201
2.13952
2.13656
2.13544
2.13209
2.13086
2.13431
2.13301
2.13291
2.13748
2.14478
2.14602
2.14318
2.14294
2.14170
2.14430
2.14522
2.14576
2.14454
2.14737
2.15006
2.15047
2.14847
2.14844
2.15188
2.15277
2.15367
2.15662
2.15966
2.15738
2.16094
2.16170
2.16112
2.15961
2.15935
2.15895
2.15932
2.15753
2.15692
2.15883
2.15954
2.16044
2.16023
2.15911
2.15885
2.15978
2.16008
2.16252
2.16014
2.15891
2.15703
2.15852
2.15791
2.15923
2.15849
2.15854
2.15503
2.15560
2.15158
2.15175
2.15059
2.14886
2.14749
2.14745
2.14553
2.14359
2.14180
2.14390
2.14148
2.13994
2.14025
2.13978
2.14034
2.13804
2.13682
2.13466
2.13346
2.13355
2.13530
2.13630
2.13585
2.13805
2.13830
2.13736
2.13687
2.13860
2.13877
2.13912
2.14073
2.14140
2.13871
2.13793
2.13925
2.13968
2.14072
2.13834
2.13753
2.13799
2.13712
2.13655
2.13698
2.13627
2.13523
2.13631
2.13788
2.13761
2.13851
2.13881
2.13820
2.13704
2.13787
2.13646
2.13700
2.13740
2.13619
2.13667
2.13667
2.13710
2.13852
2.13679
2.13846
2.13814
2.13800
2.13663
2.13685
2.13564
2.13631
2.13662
2.13593
2.13727
2.13706
2.13625
2.13680
2.13676
2.13759
2.13898
2.14026
2.14163
30.20800
17.39700
13.88222
12.17675
11.36848
10.39378
9.58478
9.08853
8.67790
8.38986
8.08929
7.79706
7.60175
7.44778
7.24802
7.09317
7.02441
6.92881
6.79343
6.68897
6.61285
6.54167
6.44000
6.35040
6.29169
6.23996
6.18491
6.14033
6.08700
6.05516
5.99964
5.94382
5.92116
5.85489
5.84322
5.80865
5.77618
5.75244
5.71518
5.67469
5.64327
5.60542
5.58305
5.56012
5.53168
5.50265
5.48206
5.42720
5.42160
5.40974
5.40420
5.39028
5.37827
5.34129
5.32523
5.30047
5.28622
5.26855
5.24085
5.20867
5.18273
5.15488
5.12811
5.09692
5.07508
5.04484
5.01504
5.00195
4.98534
4.96822
4.95174
4.93220
4.92366
4.91144
4.89679
4.87665
4.86554
4.85782
4.83841
4.82163
4.81580
4.81022
4.79856
4.78279
4.77442
4.76340
4.74586
4.73707
4.72253
4.70803
4.69460
4.69309
4.68984
4.68111
4.65157
4.64072
4.63650
4.62756
4.61859
4.60730
4.59398
4.59281
4.58116
4.56442
4.55290
4.54638
4.53565
4.52774
4.51619
4.51579
4.50688
4.49931
4.49377
4.48410
4.47946
4.46963
4.45952
4.45375
4.44643
4.43931
4.42775
4.41507
4.40232
4.40138
4.39016
4.38237
4.37266
4.36919
4.36003
4.35123
4.33868
4.33028
4.32322
4.31291
4.30894
4.29335
4.28644
4.27499
4.27328
4.27121
4.26361
4.25978
4.25334
4.24902
4.24142
4.23349
4.22869
4.22360
4.21959
4.21222
4.20712
4.19922
4.19883
4.19192
4.18568
4.17800
4.17167
4.16437
4.15648
4.15484
4.14655
4.13940
4.13250
4.12380
4.11865
4.11326
4.10918
4.10314
4.09314
4.08752
4.08339
4.08057
4.07262
4.06804
4.06578
4.06173
4.05607
4.05181
4.04864
4.04389
4.03743
4.03181
4.02730
4.02611
4.02218
4.01870
4.01157
4.00786
4.00079
4.00026
3.99566
3.99190
3.98307
3.97897
3.97289
3.96898
3.96455
3.95895
3.95405
3.94965
