3.54000
2.78900
2.23356
1.99250
1.80992
1.72217
1.66706
1.68641
1.67215
1.64250
1.61840
1.57586
1.59044
1.57755
1.56548
1.56799
1.55534
1.54155
1.53242
1.53027
1.52412
1.53319
1.53407
1.53517
1.53149
1.52850
1.53526
1.53337
1.53050
1.52596
1.52375
1.51973
1.52511
1.52281
1.51846
1.50962
1.51476
1.50830
1.50340
1.50071
1.50179
1.49972
1.50037
1.49182
1.49336
1.48779
1.48594
1.48014
1.47689
1.46720
1.46364
1.46747
1.46825
1.47015
1.47073
1.46598
1.46800
1.46844
1.46606
1.46681
1.46549
1.46929
1.46741
1.46584
1.46061
1.45659
1.45807
1.46002
1.45857
1.45672
1.45689
1.45356
1.45171
1.45246
1.45188
1.45473
1.45082
1.45037
1.45125
1.45269
1.44927
1.44905
1.44509
1.44402
1.44269
1.44480
1.44468
1.44577
1.44233
1.44010
1.43823
1.44041
1.44103
1.43863
1.43700
1.43709
1.43883
1.44051
1.43747
1.43564
1.43627
1.43677
1.43617
1.43503
1.43552
1.43643
1.43541
1.43716
1.43847
1.43828
1.44026
1.44173
1.43941
1.43812
1.43761
1.43857
1.43861
1.43867
1.43924
1.43789
1.43763
1.43679
1.43607
1.43766
1.43673
1.43670
1.43672
1.43682
1.43758
1.43741
1.43867
1.44007
1.44013
1.44133
1.44204
1.44110
1.44009
1.43950
1.44091
1.43984
1.44039
1.44073
1.43934
1.43880
1.43842
1.44052
1.44182
1.44179
1.44343
1.44253
1.44170
1.44348
1.44264
1.44278
1.44066
1.44045
1.44053
1.44234
1.44173
1.44191
1.44316
1.44412
1.44384
1.44316
1.44349
1.44348
1.44440
1.44487
1.44299
1.44193
1.44041
1.44142
1.44153
1.44171
1.44109
1.44050
1.44005
1.43947
1.43869
1.43894
1.43850
1.44018
1.44099
1.44104
1.44081
1.44181
1.44129
1.44141
1.44110
1.44090
1.44072
1.43971
1.44014
1.44061
1.44000
1.43937
1.44017
1.43898
1.43795
1.43918
5.69600
3.87150
3.19756
2.74788
2.57496
2.41828
2.33155
2.26819
2.20832
2.18796
2.18769
2.16301
2.14787
2.12233
2.10636
2.10085
2.09262
2.07680
2.08936
2.07535
2.05972
2.05995
2.05329
2.05024
2.03551
2.03678
2.02565
2.01802
2.02175
2.01948
2.01134
2.01208
2.01151
2.00710
2.00886
2.00765
2.00799
2.01058
2.00566
1.99647
1.99595
1.99871
1.99011
1.98617
1.99066
1.98874
1.99203
1.98694
1.98452
1.98167
1.98321
1.98488
1.98047
1.98435
1.98365
1.98652
1.98498
1.98075
1.98043
1.98027
1.97259
1.97502
1.97671
1.97913
1.98088
1.97843
1.97507
1.97109
1.96525
1.96813
1.96927
1.97027
1.97436
1.97464
1.97594
1.97364
1.97112
1.97093
1.96949
1.97310
1.97345
1.97545
1.97596
1.97515
1.97428
1.97636
1.97400
1.97444
1.97092
1.96545
1.96692
1.96765
1.96635
1.96624
1.96865
1.96770
1.97127
1.97304
1.97185
1.97284
1.96914
1.97132
1.97072
1.97201
1.97124
1.97287
1.97373
1.97532
1.97586
1.97901
1.98018
1.98049
1.98005
1.98202
1.98311
1.98279
1.98386
1.98369
1.98195
1.98232
1.98131
1.98064
1.97856
1.98017
1.97743
1.97780
1.98129
1.98148
1.98063
1.98079
1.98217
1.98131
1.98195
1.98411
1.98473
1.98228
1.98082
1.98241
1.98140
1.98281
1.98128
1.98152
1.97959
1.97920
1.97910
1.98343
1.98255
1.98230
1.98071
1.98001
1.97929
1.97997
1.97885
1.97805
1.97912
1.97847
1.97674
1.97549
1.97439
1.97308
1.97346
1.97465
1.97465
1.97354
1.97449
1.97425
1.97345
1.97328
1.97342
1.97212
1.97177
1.97165
1.97123
1.97068
1.96962
1.97021
1.96996
1.96887
1.96957
1.96828
1.96733
1.96771
1.96724
1.96837
1.96860
1.96736
1.96840
1.96778
1.96760
1.96756
1.96712
1.96615
1.96644
1.96646
1.96798
1.96847
1.96905
1.96808
1.96654
1.96624
7.08400
4.83350
3.96533
3.15850
2.84040
2.66900
2.59510
2.54478
2.45711
2.43112
2.41527
2.42143
2.40589
2.38665
2.38308
2.39347
2.33435
2.32317
2.28712
2.27006
2.25611
2.25511
2.26167
2.24068
2.23761
2.24138
2.22489
2.21981
2.21176
2.20714
2.20165
2.19501
2.18702
2.18244
2.17300
2.16474
2.18267
2.17850
2.18354
2.17226
2.16691
2.15368
2.15740
2.15360
2.15457
2.15213
2.14919
2.14495
2.14850
2.14426
2.14936
2.15250
2.15472
2.14535
2.15273
2.15572
2.15255
2.15299
2.15167
2.14673
2.14973
2.14804
2.14666
2.14096
2.13783
2.13496
2.13382
2.13212
2.13117
2.13066
2.14030
2.13545
2.13161
2.13761
2.13746
2.13940
2.13750
2.14219
2.14140
2.14638
2.14279
2.14528
2.14159
2.13903
2.13891
2.13867
2.13478
2.13373
2.13004
2.12798
2.12343
2.12428
2.12319
2.12189
2.11915
2.11834
2.11617
2.11806
2.11647
2.12129
2.12262
2.12155
2.11896
2.11577
2.11782
2.11793
2.11865
2.11516
2.11801
2.12165
2.12344
2.12347
2.11964
2.11573
2.11537
2.11245
2.11370
2.11489
2.11723
2.11969
2.11862
2.11429
2.11522
2.11768
2.11740
2.11858
2.12046
2.12134
2.11882
2.11668
2.12027
2.11829
2.11506
2.11359
2.11430
2.11485
2.11395
2.11596
2.11587
2.11589
2.11536
2.11568
2.11452
2.11176
2.10993
2.11289
2.10928
2.10823
2.10551
2.10414
2.10447
2.10413
2.10466
2.10440
2.10252
2.10158
2.10146
2.10083
2.09772
2.09841
2.10133
2.10410
2.10372
2.10175
2.10262
2.10361
2.10382
2.10237
2.09999
2.09905
2.09887
2.10080
2.10028
2.10072
2.10131
2.10202
2.09998
2.09849
2.09660
2.09889
2.09803
2.09846
2.09819
2.09916
2.09922
2.10137
2.10060
2.10000
2.10003
2.10116
2.10016
2.10062
2.10281
2.10337
2.10202
2.10110
2.09979
2.09826
2.09746
2.09586
11.24600
8.07600
7.12111
6.34663
6.02520
5.91661
5.80416
5.61419
5.51533
5.39454
5.29519
5.17153
5.10426
5.01905
4.99776
4.93050
4.88626
4.84835
4.79683
4.80314
4.78918
4.78990
4.78876
4.76423
4.76013
4.74633
4.72763
4.68912
4.66742
4.64077
4.60801
4.59231
4.56504
4.54868
4.52434
4.49586
4.46960
4.44983
4.44244
4.42088
4.40427
4.38736
4.36826
4.35519
4.34657
4.33085
4.31597
4.30369
4.29419
4.27146
4.25850
4.25380
4.23066
4.20027
4.18517
4.15598
4.14416
4.12667
4.11316
4.09338
4.08343
4.07064
4.05398
4.03357
4.01387
4.00155
3.98768
3.97552
3.96326
3.95419
3.94764
3.93134
3.92639
3.91842
3.91134
3.90621
3.89894
3.88596
3.87451
3.86769
3.86021
3.85321
3.85344
3.84600
3.83816
3.82819
3.82310
3.81755
3.81124
3.80704
3.80055
3.79451
3.78964
3.77636
3.77007
3.76112
3.75767
3.75175
3.74500
3.73502
3.72263
3.71896
3.71054
3.70177
3.69869
3.69269
3.68477
3.68039
3.67385
3.66515
3.66095
3.65683
3.65038
3.64944
3.64495
3.63954
3.63485
3.63015
3.62805
3.62439
3.61861
3.61117
3.60704
3.60405
3.59503
3.58839
3.58229
3.57974
3.57572
3.57017
3.56508
3.56519
3.56162
3.55404
3.54787
3.54722
3.54095
3.53460
3.53159
3.53050
3.52404
3.52386
3.51639
3.51233
3.50779
3.50269
3.49638
3.49362
3.49193
3.48697
3.48071
3.47573
3.47036
3.46496
3.45675
3.45262
3.44960
3.44495
3.44199
3.43903
3.43423
3.43013
3.42704
3.42369
3.41992
3.41497
3.41053
3.40368
3.39905
3.39448
3.38806
3.38235
3.38037
3.37730
3.37481
3.37020
3.36421
3.36234
3.36006
3.35609
3.35074
3.34882
3.34797
3.34360
3.34171
3.33997
3.33446
3.33234
3.32899
3.32687
3.32411
3.32182
3.31763
3.31399
3.31092
3.30678
3.30435
3.29995
3.29881
3.29632
