3.42800
2.37800
2.10622
1.98388
1.90560
1.82761
1.81261
1.79106
1.76346
1.75262
1.72917
1.69547
1.66379
1.65110
1.63973
1.62055
1.61008
1.60376
1.59384
1.59109
1.58703
1.57472
1.56876
1.56510
1.56986
1.57574
1.55768
1.55835
1.55723
1.55619
1.55709
1.56293
1.57239
1.57271
1.57088
1.56715
1.56658
1.56125
1.55512
1.55888
1.55025
1.54624
1.54803
1.54395
1.54191
1.53841
1.54421
1.53726
1.53274
1.53126
1.52899
1.53155
1.52806
1.52285
1.52297
1.52454
1.52145
1.51825
1.51747
1.51680
1.51676
1.51740
1.51571
1.51303
1.51351
1.51250
1.51009
1.50636
1.50666
1.50495
1.50644
1.50560
1.50166
1.50063
1.49958
1.50299
1.50200
1.50225
1.50107
1.50268
1.50338
1.50592
1.50697
1.50473
1.50335
1.50570
1.50518
1.50221
1.50438
1.50317
1.50328
1.50549
1.50423
1.50586
1.50463
1.50323
1.50325
1.50363
1.50406
1.50360
1.50436
1.50367
1.50597
1.50190
1.50176
1.50072
1.50049
1.49865
1.50035
1.50173
1.50113
1.50064
1.50194
1.50105
1.49988
1.50005
1.50131
1.50184
1.50170
1.50231
1.50250
1.50278
1.50165
1.49964
1.49989
1.49904
1.49773
1.49810
1.49651
1.49606
1.49563
1.49557
1.49333
1.49459
1.49493
1.49524
1.49562
1.49573
1.49534
1.49490
1.49536
1.49543
1.49618
1.49627
1.49743
1.49720
1.49789
1.49866
1.49959
1.50265
1.50435
1.50678
1.50763
1.50833
1.50869
1.50855
1.50821
1.50684
1.50551
1.50594
1.50704
1.50739
1.50690
1.50766
1.50765
1.50722
1.50774
1.50725
1.50689
1.50799
1.50835
1.50781
1.50814
1.50859
1.50754
1.50717
1.50743
1.50653
1.50632
1.50748
1.50815
1.50906
1.51009
1.51059
1.51038
1.51075
1.51197
1.51244
1.51364
1.51399
1.51485
1.51509
1.51419
1.51320
1.51434
1.51450
1.51338
1.51348
1.51303
1.51352
3.55200
2.85400
2.51422
2.47375
2.40520
2.35728
2.39106
2.36575
2.30314
2.22784
2.22521
2.19633
2.18201
2.16588
2.14156
2.12131
2.11071
2.09959
2.10098
2.09025
2.07832
2.07694
2.06941
2.06771
2.05334
2.06110
2.06466
2.05559
2.05769
2.06199
2.07062
2.06892
2.06400
2.04907
2.04051
2.04655
2.04853
2.04693
2.03991
2.04407
2.04538
2.04038
2.03900
2.03631
2.03663
2.03429
2.02894
2.03728
2.03778
2.02839
2.02884
2.02550
2.02246
2.02567
2.02742
2.03043
2.03401
2.03132
2.03394
2.03238
2.03752
2.03347
2.03086
2.02469
2.02393
2.02642
2.02613
2.01838
2.01883
2.02080
2.02266
2.02324
2.02338
2.02018
2.01788
2.01548
2.01375
2.01471
2.01116
2.00887
2.00875
2.01217
2.01230
2.01299
2.01463
2.01596
2.01411
2.01220
2.01507
2.01503
2.01674
2.01479
2.01721
2.01744
2.01622
2.01422
2.01691
2.01841
2.01493
2.01244
2.01519
2.01497
2.01509
2.01423
2.01561
2.01352
2.01456
2.01468
2.01692
2.01749
2.01802
2.01646
2.01860
2.01936
2.01768
2.01713
2.01831
2.01664
2.01800
2.01898
2.01717
2.01608
2.01776
2.01565
2.01561
2.01608
2.01790
2.01893
2.01879
2.01866
2.01750
2.01752
2.01940
2.01918
2.02002
2.02376
2.02511
2.02573
2.02628
2.02605
2.02644
2.02545
2.02460
2.02562
2.02556
2.02738
2.02672
2.02608
2.02666
2.02871
2.03062
2.02970
2.02825
2.02769
2.02918
2.02902
2.02842
2.02853
2.02684
2.02629
2.02514
2.02318
2.02239
2.02180
2.02414
2.02372
2.02261
2.02143
2.02209
2.02181
2.02172
2.02214
2.02410
2.02343
2.02307
2.02202
2.02058
2.01991
2.02071
2.01988
2.01927
2.01937
2.01856
2.01718
2.01704
2.01542
2.01413
2.01386
2.01324
2.01260
2.01162
2.00997
2.01137
2.01081
2.01027
2.00956
2.01116
2.01011
2.01005
2.01177
4.57800
3.51650
3.08044
2.99475
2.85760
2.81650
2.79163
2.77188
2.76252
2.77234
2.76443
2.72933
2.71191
2.66185
2.65642
2.65467
2.64102
2.60323
2.59562
2.60845
2.60592
2.58406
2.58342
2.57974
2.59018
2.57043
2.57339
2.57814
2.58686
2.59551
2.59839
2.60470
2.60399
2.60909
2.60788
2.60386
2.60221
2.59688
2.59051
2.58305
2.57749
2.57241
2.56622
2.56317
2.55575
2.54869
2.54127
2.53277
2.53509
2.53333
2.53377
2.53543
2.53369
2.53361
2.53782
2.53382
2.53297
2.53461
2.53258
2.53341
2.53085
2.52270
2.52192
2.52193
2.52539
2.52045
2.51842
2.51992
2.52078
2.51741
2.51155
2.50565
2.50401
2.50278
2.50153
2.50372
2.50092
2.50143
2.50450
2.50187
2.49792
2.49403
2.48825
2.48484
2.48840
2.48572
2.48731
2.48691
2.48363
2.48133
2.47602
2.47362
2.47411
2.47594
2.47669
2.47600
2.47516
2.47442
2.47404
2.47215
2.47396
2.47354
2.47647
2.47355
2.47040
2.46837
2.46714
2.46643
2.46592
2.46715
2.46969
2.47012
2.47281
2.47382
2.47343
2.47486
2.47320
2.47188
2.47010
2.46719
2.46549
2.46399
2.46259
2.46017
2.45949
2.45534
2.45077
2.44694
2.44393
2.44474
2.44901
2.44599
2.44543
2.44438
2.44109
2.43933
2.43876
2.44004
2.43997
2.43716
2.43680
2.43740
2.43567
2.43527
2.43451
2.43295
2.43264
2.43036
2.42938
2.42650
2.42483
2.42469
2.42485
2.42313
2.42143
2.41973
2.41875
2.41740
2.41633
2.41692
2.41888
2.41844
2.41986
2.42019
2.41922
2.42022
2.41880
2.41957
2.41762
2.41607
2.41579
2.41800
2.41792
2.41725
2.41484
2.41415
2.41370
2.41269
2.41160
2.41044
2.40763
2.40825
2.40694
2.40537
2.40486
2.40576
2.40576
2.40355
2.40244
2.40193
2.40153
2.39899
2.39899
2.39858
2.39694
2.39591
2.39509
2.39491
2.39337
2.39395
22.85400
15.23850
11.69911
10.73488
9.89704
9.09617
8.77327
8.52578
8.22375
7.89320
7.69131
7.48987
7.31007
7.11456
6.94237
6.85208
6.68412
6.53689
6.44264
6.33601
6.25568
6.15454
6.08402
6.01004
5.92228
5.86627
5.78647
5.72311
5.67687
5.62188
5.59288
5.57443
5.52585
5.47275
5.42354
5.39797
5.35917
5.31987
5.30365
5.27073
5.24983
5.22209
5.18871
5.16046
5.12863
5.10670
5.07197
5.05036
5.03183
5.01278
4.99307
4.97656
4.95709
4.92271
4.90522
4.87802
4.85649
4.83436
4.81670
4.79540
4.78007
4.75835
4.73864
4.71614
4.70183
4.69186
4.67373
4.65823
4.62761
4.61103
4.59271
4.56546
4.54155
4.52473
4.50535
4.49039
4.47299
4.46667
4.45558
4.43882
4.41918
4.39830
4.37928
4.36282
4.35105
4.33984
4.32834
4.31634
4.30184
4.28884
4.27158
4.26087
4.24471
4.23903
4.22424
4.21276
4.20161
4.18584
4.17807
4.17195
4.15574
4.14280
4.13036
4.11564
4.10731
4.09745
4.08931
4.08334
4.07398
4.06801
4.06134
4.05265
4.03824
4.03065
4.02002
4.01158
3.99881
3.98715
3.97807
3.96779
3.96006
3.95424
3.94935
3.93876
3.92829
3.92040
3.91503
3.90418
3.89337
3.89028
3.87927
3.87605
3.87040
3.86162
3.85776
3.84872
3.83872
3.83224
3.82445
3.81893
3.81342
3.80221
3.79542
3.78430
3.77926
3.77093
3.76973
3.76363
3.75439
3.74704
3.74423
3.73591
3.73329
3.72956
3.72293
3.72018
3.71970
3.71667
3.71192
3.70645
3.70117
3.69718
3.69179
3.68554
3.67757
3.67466
3.67115
3.66642
3.66275
3.65704
3.65326
3.64863
3.64317
3.63844
3.63506
3.63168
3.62901
3.62238
3.61853
3.61156
3.60655
3.60103
3.59806
3.59269
3.58999
3.58712
3.58134
3.57628
3.57028
3.56762
3.56737
3.56014
3.55534
3.55089
3.54851
3.54245
3.53833
3.53277
3.52817
3.52475
