4.6000000
3.1000000
2.9000000
2.6767361
2.5632361
2.8586806
2.9525014
3.0115257
2.9964697
2.7887166
2.7428323
2.7673416
2.7050532
2.7064616
2.6947462
2.6996177
2.7262991
2.7447269
2.7657740
2.7657740
7.2000000
4.8750000
4.1555556
4.2111111
4.0632361
3.8059028
3.7014810
3.3294944
3.1828895
3.0112166
2.8680389
2.8520638
2.8683669
2.8901351
2.8325239
2.8240318
2.8155725
2.7933380
2.7657740
2.7657740
6.4500000
4.2625000
3.3166667
3.0298611
3.0672361
2.8336806
2.7116851
2.6412132
2.7557290
2.8187166
2.8296092
2.8423416
2.8867100
2.7845228
2.8100795
2.7746177
2.7517317
2.7632454
2.7657740
2.7657740
9.5000000
6.0625000
4.1777778
3.8173611
3.7372361
3.4059028
3.1984198
3.0099632
3.0569635
3.0127166
2.9763034
2.9798416
2.9651124
2.8651351
2.8451906
2.7722739
2.7517317
2.7632454
2.7657740
2.7657740
