12431 9826
50644 6670
6569 23931
36931 4340
22098 12145
23066 9531
25236 4050
19994 5733
5760 9789
30597 8815
32789 31233
6771 27785
3127 22137
45659 18729
9344 3278
53492 34015
39547 5197
30573 31997
50537 4198
9591 7435
13954 5811
7249 7524
53713 4537
3152 8751
54390 5266
28690 4554
51693 25833
20171 4692
57835 1993
12431 29778
6822 8252
50761 5572
32858 33242
17815 30030
2527 15347
66262 7336
22540 3890
11348 7466
52568 2936
28892 32423
56893 5266
9032 5411
53713 5869
59643 29865
51562 5687
54877 8228
42635 10013
65836 13715
13954 31846
27442 6560
23066 4807
30565 31065
49503 4692
42635 9662
44929 18841
28545 9910
65744 10013
67348 11911
52022 8275
31548 3878
23888 1745
12725 5953
41571 29617
51562 5403
61831 33309
51693 21333
12431 29377
50599 3290
3152 2776
12431 20857
47724 1849
48615 5289
13954 21595
37031 33276
30715 3723
12431 31873
58567 5647
49322 25149
50562 1395
22434 13967
28953 3563
62196 30751
28402 2625
51013 3462
36696 27747
49032 7446
24628 12745
23874 3093
45093 1885
24847 2208
50932 9850
23761 3355
53120 6849
53465 2839
61150 5088
56504 22785
64880 25461
40997 3428
65840 25393
33787 17010
14805 9884
58760 4250
50537 3881
66053 20951
53713 6847
37157 32151
45607 10688
27364 3533
45475 7243
50537 3130
35635 19973
68596 31158
48955 20589
53120 6848
16197 5556
53492 33870
68293 7032
53698 3566
73188 23387
57731 3079
2951 32240
54118 5687
55319 24637
22910 10135
58567 4479
51693 6130
22681 28637
14059 22513
24849 7455
21893 3482
12431 23401
41536 14537
24608 9520
26056 9951
42635 5943
8820 25999
43121 32863
29013 4260
9034 15021
12431 19811
52518 6262
20824 4393
20171 33515
49192 10718
27393 9344
60645 4369
25376 3437
50761 4867
29255 9536
36240 30438
58483 5560
37351 4604
21922 5474
44797 9858
65836 10481
17856 9935
72060 30896
73188 4395
58745 26059
52518 5311
26570 5723
1822 3845
50537 5131
65976 8584
49503 1154
20171 5402
12725 9689
3152 13543
67296 11579
73135 7843
23066 8375
42635 15795
58483 5566
53492 32408
12431 28053
11536 5289
32687 8139
28392 19523
65682 30648
53494 4849
7824 11685
56590 30132
51693 13369
49662 31107
49287 3595
51693 25113
59643 9100
35101 10820
30597 4675
21340 16602
49662 18085
62176 10359
1822 4808
24843 4054
52776 7423
29165 16964
41462 2636
66978 9274
66118 9100
69964 8949
58537 1993
12431 29455
12431 24049
27945 3320
58567 4606
10516 5289
13929 4504
29676 5687
69076 3567
28521 17969
46498 1503
23066 3035
42635 4210
60004 5108
55260 5160
50656 3162
65112 31137
51693 4383
42635 3827
45834 19645
26691 32011
29255 20707
69558 12481
70284 8132
23066 3361
61831 11505
13954 25999
63063 32481
11080 3799
24988 2723
53698 24847
26805 11221
7802 5052
52778 30751
73135 10036
44024 31101
23066 7610
50282 7427
30597 4400
5938 1052
44525 1758
73188 8178
14307 28911
7257 4050
14758 5191
73188 9491
24438 6266
23066 5926
25802 3675
12725 5246
62064 3638
30565 31064
53698 19279
67836 3691
49662 7244
39921 6431
7081 4096
6389 2809
51495 7485
15448 2632
27364 7496
29104 2094
39198 5929
1822 4597
54657 8604
27219 31064
7622 2881
7345 11281
12431 28897
49714 5585
38915 5292
51693 31252
5831 2934
49377 8890
30562 5296
38804 5353
12431 6431
42635 4062
11359 12399
37989 30454
13954 29772
22134 5415
28937 3063
35101 3760
50761 3628
5325 1758
60017 7839
66835 3633
49192 602
42635 4927
37588 2233
9500 9883
49662 12259
8820 31930
66262 4062
56893 6297
21204 5075
6817 5953
36832 5883
53529 27437
55273 4286
10229 6116
51270 13693
42635 3676
24269 3320
28426 31499
54118 4717
45927 4266
53492 30813
38937 31137
52213 10463
7350 5343
11080 8667
1243 9773
50365 2609
57620 23871
12431 32446
61500 11511
65836 7718
23595 1936
52213 3063
53698 29707
23066 1784
37712 23483
58064 7504
37351 4644
12725 2165
28521 32151
52101 2568
38472 2576
12431 31977
1132 8368
7561 2024
36711 33011
71792 28853
44929 25969
30573 33056
12303 9595
49832 1392
62343 14069
30033 16740
72800 13495
45834 1849
5218 4386
36350 18841
52568 5545
60365 31885
12431 31299
45641 4934
37588 4316
23066 4907
30981 22415
55310 30757
50064 4364
51806 4132
24427 31101
24310 30290
44929 4392
48781 3480
44929 25973
6822 3214
66755 3950
62733 3824
17823 7169
47042 3396
21922 9455
37179 20505
42635 6670
65836 7170
63199 8365
31539 31686
436 18031
3588 7308
57496 8132
73359 29703
22461 2600
50537 3827
50995 7876
11130 2892
66742 7090
39979 4208
59891 15545
5492 3883
65836 2091
71038 4397
53698 13543
54118 13955
66742 9346
65237 32240
28392 33515
12725 7610
30565 7455
52399 3799
38682 5647
49545 3151
436 9291
49929 1713
958 32548
29075 8604
52859 33170
48375 7192
71074 8366
21204 28771
53492 33868
55260 4490
45834 754
54069 5201
28070 31233
13877 29089
39408 31747
23066 6970
62424 3281
28661 3499
50058 4820
30570 4799
11359 2094
41571 13421
7824 2839
16308 4675
51693 7155
20389 32415
30898 3763
65611 5129
45583 32461
12431 6183
39002 2614
49032 5869
7366 5811
3398 3383
5244 28715
55261 2232
5204 3883
54027 4073
68076 7423
23479 1040
40250 17897
67378 8745
42635 3098
59977 4967
14933 33393
45659 2501
12431 30404
7340 15021
16624 10342
39921 4934
58483 5553
22720 1778
57361 8368
40273 21065
50570 27881
12431 7423
5121 3190
53113 3878
19317 8178
25802 4907
71029 9424
46129 31494
1530 29715
51562 5645
35073 19973
28322 27881
47652 3902
50644 1314
7366 5563
2273 7530
23066 5292
61036 2022
59643 6822
60365 3942
1822 307
55234 5023
30597 3599
57529 1897
53698 1993
51562 3214
53465 29820
11563 1355
462 31064
61547 25393
18686 2101
1253 30039
11431 4383
42635 1314
19869 17223
13954 23679
49192 5760
50633 15545
11536 16119
12431 23759
15783 15095
60371 4511
23888 3035
47686 8950
6384 2079
73188 11729
58974 5883
53492 31450
23512 4498
6869 2778
63232 29419
