73339 20
33091 20
40634 9919
60306 2966
46794 9253
64783 14345
60639 20
28162 2476
28342 1535
55354 121
49350 1535
7404 853
31016 8074
43561 16498
12211 16498
29969 1689
1627 6880
49700 3457
57140 4898
38642 9253
50410 226
5477 853
2913 9919
3571 59
56556 121
47953 1535
52659 121
71533 22199
56491 16498
8767 20
42937 4898
7565 2476
61765 2001
33957 30
26145 9989
40071 9756
70309 5114
52225 20
38579 14813
27262 16498
18575 14227
37881 269
37809 1575
45292 16498
69669 2025
17811 6547
7430 20
12207 121
28448 270
58521 1689
2067 9989
39905 813
14203 9989
19699 10719
66157 121
36364 16498
33046 6702
51145 226
62062 2001
61374 2993
73509 199
61468 1535
30101 1535
62062 30
47850 226
50164 199
41507 18679
70001 10620
22701 9989
50922 270
43149 9756
67049 1535
44770 1195
69346 270
61802 227
65296 934
42139 19815
43674 9756
14612 11757
37585 1535
7208 1
16727 3457
51736 205
53743 853
21404 226
58946 226
17811 1
65983 1535
8968 22319
15931 14741
31734 6547
29242 1535
23440 2904
55731 13601
51675 431
16128 10793
46739 6702
39931 1575
44773 6746
30310 6347
41513 10793
42695 16498
66154 226
69171 5114
43028 22319
65071 30
11364 849
12813 853
1744 16498
28162 20
49877 2993
25283 1535
39490 9989
61944 853
40858 199
32627 9919
33994 10620
26406 1535
15376 6547
1146 16498
70680 15809
38836 16498
2231 2001
64762 1535
18045 226
73435 121
48679 853
30694 9919
51796 20
57745 20
18515 1535
40375 431
47472 1195
5678 7054
32993 20
34282 853
60405 4224
60868 205
32759 5114
44560 5114
14423 6547
64139 5114
8248 20
15379 1195
5004 1575
64076 1535
15149 19815
15609 10793
71557 22199
30662 30
33233 4224
73314 121
45450 20
54506 1535
32760 14227
8666 6880
73104 1195
67036 4181
38007 16498
63532 10620
8567 223
73384 1535
69577 121
16907 2904
46482 20507
61660 853
71352 2001
32646 10087
50999 1535
32207 16498
36772 1535
3064 1535
19085 9919
43052 4181
4626 4898
24986 4181
1420 205
45390 2966
22390 199
51581 853
24004 2904
64279 164
32518 30
57124 227
8843 5114
49442 849
54599 813
63975 226
50679 431
43473 7054
10893 849
18087 11757
19997 20
11589 205
57425 1575
17632 1535
33380 16498
51842 226
56974 1535
63335 5114
41342 1818
6010 3457
58417 121
18663 3588
54081 20
35239 9253
27819 5114
20231 813
47968 2167
26933 59
55024 9989
16278 5114
56178 269
10474 2167
13413 18679
40719 20
49569 849
54260 934
44759 1535
70695 16498
60729 431
57092 6880
21838 523
25290 9756
22645 431
36130 164
53910 20
43446 9989
8670 4181
41685 20
39014 269
47596 121
14872 6547
70099 16498
37767 270
16289 199
6220 1
65899 20
32320 8074
37733 3588
7309 226
15305 3588
21514 2001
42127 8074
59427 1575
21849 6746
58392 1535
59512 205
17385 11111
46679 1575
21582 6347
55911 21881
9295 11757
15816 1535
71463 431
49483 2904
28816 5114
14684 1689
68658 20
37467 10087
32949 1535
39391 10793
61900 1535
72547 20507
27809 3588
3696 16498
71270 16498
55777 16498
40447 11617
67250 121
49584 226
35409 10793
66339 4898
47078 3457
60163 431
4819 226
24255 8769
50333 849
49387 199
10486 199
23893 1
19838 30
24368 8074
37706 10620
64055 10793
20016 9756
31156 20
61653 4898
30189 2167
11859 223
62532 3588
12778 10620
32839 11617
42756 2167
31098 4181
46822 21881
24572 8074
47178 6547
52065 199
72693 269
8152 1535
47232 269
2499 270
14017 16498
39218 9919
26145 9756
25066 20
30189 226
16837 14741
42075 13759
68368 226
35851 9989
52396 2025
2129 16498
53150 4224
19647 11757
57780 20
68152 4898
845 6746
64098 1535
51651 20
14515 3457
55484 853
60768 223
54447 849
61776 22319
3209 30
72799 11617
54409 1535
9455 20507
33576 1575
21215 5114
32326 16498
1983 4224
17448 199
2413 2001
48650 20
68314 3588
41074 10620
38492 2993
34069 8769
36580 22319
17351 2001
31060 16498
100 11757
50611 2025
43943 11757
9667 6547
16594 853
9590 1535
70772 1535
71825 18679
70 9253
31873 2993
52314 20
5933 853
60492 853
70994 22199
25939 8074
27821 20
12863 813
57120 5114
64312 3588
24909 1535
22568 8769
39069 2904
586 164
50749 2993
32813 226
39469 6547
56224 18679
41074 269
16539 22199
53089 1575
59873 4898
53067 853
55979 6702
44119 6547
36121 11757
62988 16498
60783 3588
3606 11617
51889 205
65298 3588
42537 199
21715 270
6596 1195
43126 11617
34242 20
53987 1535
56730 10620
19046 30
52485 813
10181 30276
54485 30
18670 7054
27042 6746
42520 813
22075 20
12911 523
61057 226
32636 1535
57279 269
46814 1535
9338 22199
51302 226
61624 223
43846 5114
9443 10620
44064 13601
7582 30
68729 164
34792 6547
5531 2904
35074 8769
9814 20
70432 9989
34253 19815
12298 9756
20833 6547
33498 5114
21442 11617
2035 6547
25728 4898
33278 16498
17350 2904
17969 10793
30841 1535
24004 1575
56379 20
72543 1535
55804 22319
50340 1535
23492 431
32320 11617
52272 5114
24734 6702
30794 813
39627 269
38589 3588
49201 853
3749 223
4128 11757
9439 22199
51672 1575
20897 226
3316 16498
35471 164
31233 6880
42482 9919
3843 20
13585 2993
8577 16498
65354 1535
15857 11757
37913 226
72330 22319
35128 2993
7208 121
65604 22319
50520 270
66131 1535
70933 15809
4460 11617
33923 3588
38614 1535
13100 18679
3679 2904
63660 11111
58466 853
42274 9919
51775 13601
71340 5114
20050 13759
41478 199
33069 9756
45986 2993
21925 1535
33087 1535
17218 1818
53220 4898
32252 6880
46693 269
59875 4224
69942 20
36887 1535
4128 1535
28151 227
64784 4181
1156 1535
25816 1575
63302 5114
37639 6347
24888 3457
68415 1535
72593 853
46336 1535
67383 11757
48496 226
24986 853
