60302 4224
26213 30276
61149 431
67448 4224
27667 2025
58099 205
62108 22319
67237 1535
52407 1
20848 1575
18947 5114
3201 2167
10184 11741
25814 813
28719 226
22736 3588
16329 2167
8781 523
16111 2001
48352 6746
32840 2001
32648 121
61602 10087
44654 1195
19073 30276
51000 523
71511 853
36719 813
55919 2001
3039 20
26487 6547
27333 6746
19040 10793
45635 10620
19135 2904
23485 1195
49148 2966
23176 11111
24740 5114
42383 2001
70087 2993
62364 13759
44303 22199
45144 5081
5856 2904
60422 6347
17776 10620
70662 19815
29786 227
45925 227
72953 1535
28897 1575
8597 30276
12008 2001
14145 2025
45533 2993
24530 853
19874 5081
23904 11741
44469 849
37710 10620
34278 5081
18778 4224
42934 16498
19072 1818
60287 15809
16071 227
7337 121
44678 9756
55366 11757
36581 8074
7593 5680
41868 9989
29343 199
53164 1195
33939 13759
60586 20
44092 16498
55132 226
22504 7054
72993 10620
59617 8769
58844 121
56277 16498
42568 6547
715 934
47021 21881
54953 4898
52810 2025
5899 13759
22721 269
22765 164
31193 269
41530 121
18911 16498
39429 20507
34362 889
49633 30276
24173 2966
9719 16498
21492 6746
7455 1689
24607 1
50768 226
35177 14741
12894 356
28897 59
47447 6547
7365 9253
7578 849
26906 2001
64227 11111
46596 431
62854 16498
48627 2025
1390 934
41291 16498
12588 853
33216 22319
25374 1575
21461 9756
6578 2904
1253 9253
53355 164
20524 11111
6604 356
32396 6702
63921 2001
1645 22199
53401 2167
15692 1535
11345 1
52930 226
62256 30
803 9919
42657 9919
36913 199
28771 3588
34693 8074
61942 121
49773 356
14886 813
10146 6347
25852 9253
56315 2904
27837 6547
37869 6547
43229 431
65560 7054
38852 1535
27219 1575
35366 11617
33097 14345
40559 2001
22163 431
52069 813
52131 2993
52176 1535
57828 2904
27314 205
63083 21881
22931 7054
5896 9253
56770 2236
59377 13759
12791 164
32623 5114
34386 121
72179 4898
45007 5081
18660 16498
62421 9919
28196 5114
40458 1195
48203 3588
63289 934
68955 59
34269 4181
56457 11617
40639 199
15427 2966
7733 1
14767 15809
53733 16498
9459 22199
72555 20507
44197 1535
59399 59
39392 4898
53256 205
38288 30276
44876 5081
38095 1575
31421 14227
11807 849
46442 431
37627 269
69875 19815
61709 4224
5556 19815
16153 9919
46122 270
16792 1535
58405 9919
12952 30
52542 2001
17026 1195
5315 431
4494 5114
13637 11617
57298 889
15841 3588
44411 2476
9941 853
67745 223
31883 10719
13431 6547
5269 3457
3561 3588
28347 1535
30597 11111
41127 30
65948 431
33515 8074
11263 1818
16680 10719
23123 14345
7345 13759
18683 199
66232 5081
19200 9989
62663 849
20033 19815
70899 2001
46436 22199
50019 270
14805 6347
35054 1195
10351 1535
32516 20
65908 10087
35788 6547
17750 2966
3081 16498
53921 2476
19265 11617
66912 523
40445 121
20192 2993
52157 1535
51358 853
68223 853
58793 4181
54002 22319
41794 9989
70249 1
67237 5081
38362 9756
30149 14741
2050 10793
65744 2904
26858 5680
22686 3457
12903 9919
3881 2025
23619 19815
50585 6746
45373 205
10794 4181
45429 121
69049 2167
19171 11111
59222 4181
51938 1195
57368 13759
9288 11111
45334 2001
6927 431
54739 356
741 14813
49638 30
23526 10087
61332 813
69848 1535
43553 2001
13835 6702
42922 30276
9100 4224
56912 223
63377 356
39030 4224
69076 205
14748 16498
15696 6702
46600 5081
16653 21881
14605 1575
14790 1575
15919 11757
47772 11111
4225 4898
45925 9919
12177 4181
57614 5081
35642 4224
37267 1195
45898 4224
28919 1
14971 4181
55917 22319
17895 205
26976 30276
37743 10719
34256 2993
61602 14813
72898 9919
29491 2236
7573 30
45309 356
22538 3588
24884 813
68005 849
22649 121
14753 2025
57979 226
64499 4224
69447 121
51512 8074
14577 20507
47318 6746
9257 6880
3271 13759
32514 22199
3492 21881
31558 356
21336 11111
64826 2966
29894 1195
71107 11757
65810 5680
71223 2904
62464 22199
32452 269
55328 1
26664 813
2863 1535
35222 3588
65311 3457
48929 11111
5159 849
55739 11757
23167 1575
30510 356
50214 30
20307 5081
60039 9919
72487 9253
65956 5081
24823 10719
25064 19815
64325 3588
31007 431
53850 6880
35209 10719
32650 13601
33626 11617
14204 5680
53882 6347
54532 199
41587 431
51665 6547
5904 5680
32383 4181
50284 356
22256 14741
26826 934
43783 2236
52997 20
40423 10793
43669 30276
67501 10719
25068 5680
52919 9756
55244 356
32095 13601
26031 2904
25036 11757
27168 356
64493 20
58361 11757
68452 2167
54645 1818
5899 1575
71105 2167
15920 121
63010 19815
6091 2993
42276 226
71544 5114
54279 4181
14671 8074
52745 164
37978 4224
1180 1689
2706 4224
21262 10087
7860 934
39654 199
3775 18679
71978 223
12303 11757
30500 11111
63404 14345
58692 121
16142 3588
20365 2001
44677 5114
2422 1818
7887 9756
3790 11111
62435 3457
327 4898
64452 10719
18966 11111
65496 3457
72342 853
9789 2476
52240 270
23590 10087
18957 16498
69797 18679
2455 14813
7293 227
57123 14741
28662 8074
64150 21881
50334 431
2700 11757
44392 226
42843 22199
72263 1575
32545 22319
67781 1535
11753 2001
3265 8074
13427 205
41824 431
39148 5680
56615 10620
26566 19815
38800 813
40418 10087
25354 199
63121 6746
3332 16498
49183 1
32689 1818
25934 3588
19280 5114
52772 853
8645 226
45297 5680
44279 3457
15464 9253
6962 2001
73504 934
39667 10793
43709 4224
62178 2025
72141 4224
61895 9253
71648 9756
28570 3457
62065 5114
64848 5680
41182 9989
26262 121
49633 18679
22202 1535
59071 19815
12969 14227
35387 4898
16113 9919
61088 226
17393 9253
568 14741
58272 1575
60591 121
40689 4898
58447 3588
73245 223
44884 4224
19076 11741
45617 1575
37534 11741
27983 9253
18041 22319
54811 7054
65827 6746
66166 199
