34879 11577
21140 20021
41983 11701
31277 540
6366 9332
51725 10568
57985 889
41888 11785
61386 572
41370 519
26533 7785
54539 1195
21914 721
57445 5204
35862 21327
10558 849
61399 6637
68016 523
14446 45
47277 4181
69579 14075
53539 5279
3243 15605
51739 5525
70133 1535
13982 10396
52756 1172
5453 11979
9935 1564
44349 17205
48113 3559
45889 71
58557 1202
11745 16918
36700 24991
24983 394
43399 15037
35482 8407
44095 22125
127 896
67708 8457
25351 16934
58774 11135
43543 18507
22070 26243
58903 7647
7935 877
40617 13055
29581 28805
51494 64
34915 10321
64825 9513
19334 25241
64372 30437
51369 13601
19631 1807
65723 12711
8129 418
41253 861
39185 2969
185 1686
56473 24765
34610 2001
38592 11757
18138 31636
54698 12015
35228 11757
6985 1182
60989 1597
59396 1349
44930 1840
50779 16397
22651 13367
58068 121
2764 2104
58668 2605
4582 93
58142 1594
68753 3166
51353 934
10314 850
20858 2904
40436 9367
5902 120
70015 21435
64197 8074
57675 4181
20816 22297
34160 20
3006 16049
70537 23755
25513 9041
17895 228
63734 120
49408 2827
54825 1172
40094 15225
31971 2476
20559 357
2450 6347
6743 249
29409 2787
71741 30276
41469 11759
37813 15689
21432 405
10624 1535
65519 15417
12557 14653
33324 11843
29520 762
40520 8861
47830 2889
26260 11763
66133 8516
41557 16067
28850 1570
43483 20815
1974 29854
48228 9656
1642 4224
50835 57
59236 6645
66007 710
17941 565
58184 1818
25358 14353
49173 1766
39429 18679
27784 9756
45739 5680
1927 1292
27395 19703
2025 9989
35951 3328
10212 442
15586 28121
14024 10604
17863 5630
26812 24439
11416 1430
56731 16706
20614 8426
33683 22199
65299 15565
40785 7817
11285 2899
24137 2494
24740 18115
36525 25567
51858 1654
63066 535
25308 6114
49616 177
70405 23755
5505 25303
67067 2890
5895 114
36721 8841
68621 6421
21752 12113
28106 1840
13138 377
60150 25157
40848 13125
41047 14289
5264 2870
9511 19315
46015 20
14258 11111
61633 2961
39308 2235
4215 9919
15712 2246
62389 8769
45441 22729
10419 14293
6089 20423
49503 2248
40831 6045
18226 10073
12270 1
2711 12293
55037 126
55098 18153
67836 28701
49032 965
27272 12365
66268 3467
58522 31859
58755 3322
44929 10087
28409 6707
15999 47
41437 6372
52321 2132
70831 2799
65100 5356
7971 4081
14611 4975
15250 18857
6916 788
30597 1913
18614 8937
8188 6033
8087 7588
56619 51
40474 33113
65958 10397
15783 6166
35020 591
43330 15451
28646 21881
65664 20047
72677 19111
32687 1520
67855 226
39259 31240
30180 16498
21330 15583
28840 481
59051 855
67403 550
7249 254
6949 17265
109 11757
25671 2926
73362 3702
33071 28677
5380 5671
44322 14199
32461 512
7200 2476
23538 12413
21987 4382
67286 10294
61938 13125
32923 28701
23193 25389
29028 440
55164 2136
71446 16732
8564 16099
24520 7674
7172 6347
65301 32526
54177 9330
36670 11061
31030 10719
69093 15451
55696 22145
40762 10460
26960 431
19414 461
24893 6702
15684 18115
37843 30230
27314 20021
24781 330
43047 19647
59804 180
24258 5114
41334 4789
52213 3597
19880 10213
35789 15809
39458 7592
50599 1834
17297 11499
17386 27
34324 342
64905 32281
66791 223
70603 14345
60297 1122
123 11771
32496 2129
37982 12445
69964 30749
35586 20787
21585 10659
49351 65
67474 8086
4982 1967
26375 55
56518 1535
17212 23421
47107 48
45646 7647
63216 20847
17801 5681
57527 1
49097 3375
45097 30205
49403 834
26622 14741
15715 21573
29276 2787
15031 8841
5137 21189
15791 3455
44122 246
67059 857
68805 164
40437 4224
18562 18767
22674 6287
39921 6867
16136 4063
69112 15411
19130 1132
64112 270
49183 710
30863 20785
43282 31952
43712 136
59032 189
27219 7375
57884 644
26106 17269
1426 270
40344 227
55055 6045
26779 60
25412 1254
25182 8425
48829 14189
49094 1797
65669 11266
30215 457
12431 98
21357 32828
34353 527
15696 25161
21392 11433
29849 552
62216 3588
17893 16498
4618 10456
12837 6
3543 23283
226 3627
26658 272
53521 7583
23088 3031
24540 992
59236 1243
51041 7739
70264 457
19014 16273
22898 3616
13047 9107
36353 11617
1180 891
49896 532
62230 18153
1327 26351
36909 269
64189 9515
20430 28223
59970 6112
24508 10638
22693 6941
17021 12445
49979 552
29806 1
31152 4437
29075 5681
19970 139
71302 5682
43748 6547
18207 740
71362 20787
34137 24893
26959 11887
23006 12413
20502 1726
17533 3731
54365 5530
19440 23673
69900 28623
29565 5507
41874 469
13477 16512
24143 16934
7247 15565
16990 889
30027 743
4455 20767
21735 3389
33010 269
5392 357
37713 430
59649 120
45319 2161
62735 12291
52145 1254
51663 846
15478 28999
10419 298
23066 2023
62125 32491
8287 4078
23729 10620
4505 4081
12147 7059
41095 1313
24772 8560
28594 28677
26755 7311
61904 481
64043 23321
39646 9479
16137 31610
49653 335
48289 121
68582 227
13509 27899
33189 2970
359 9041
61376 25681
2125 11843
19325 11617
28781 24781
27553 15051
35362 468
66900 8769
20834 16353
26503 1526
64666 4224
26260 14283
57529 904
19569 2683
45193 23079
24635 59
19734 4224
5120 13655
32290 21189
53075 1089
61790 3782
63957 853
50599 1919
41785 9919
57987 846
72968 20939
62782 13601
22514 460
16220 10216
7176 23289
5310 17831
51500 1675
26141 2201
34597 5356
59594 1118
29513 2904
24332 2904
46307 2994
39935 11759
71829 392
61811 10087
35528 22319
10348 9581
52366 10357
11255 5
36191 1726
462 29093
25589 16011
26976 6030
47821 2397
20916 9941
15792 8449
56308 18153
47960 2246
17010 486
28196 245
27191 813
50821 157
35690 28999
49098 874
63113 9136
23609 5835
18257 31859
54112 11757
58507 1144
1530 20365
13012 2236
72306 24151
16616 263
15054 1526
58076 10838
54326 687
4728 15051
44270 10020
49480 763
24716 30296
937 32281
6892 31289
68209 10162
30194 15315
52577 5114
