2.708
2.4495
2.252111111111111
2.1869444444444444
2.111299444444443
2.1069638888888904
2.079157766439908
2.070657766439908
2.069065173847317
2.069065173847317
2.069065173847317
2.069065173847317
2.069065173847317
2.069065173847317
2.069065173847317
2.069065173847317
2.069065173847317
2.069065173847317
2.069065173847317
2.069065173847317
2.069065173847317
2.069065173847317
2.069065173847317
2.069065173847317
2.069065173847317
2.069065173847317
2.069065173847317
2.069065173847317
2.069065173847317
2.069065173847317
2.069065173847317
2.069065173847317
2.069065173847317
2.069065173847317
2.069065173847317
2.069065173847317
2.069065173847317
2.069065173847317
2.069065173847317
2.069065173847317
2.069065173847317
2.069065173847317
2.069065173847317
2.069065173847317
2.069065173847317
2.069065173847317
2.069065173847317
2.069065173847317
2.069065173847317
2.069065173847317
2.069065173847317
2.069065173847317
2.069065173847317
2.069065173847317
2.069065173847317
2.069065173847317
2.069065173847317
2.069065173847317
2.069065173847317
2.069065173847317
2.069065173847317
2.069065173847317
2.069065173847317
2.069065173847317
2.069065173847317
2.069065173847317
2.069065173847317
2.069065173847317
2.069065173847317
2.069065173847317
2.069065173847317
2.069065173847317
2.069065173847317
2.069065173847317
2.069065173847317
2.069065173847317
2.069065173847317
2.069065173847317
2.069065173847317
2.069065173847317
2.069065173847317
2.069065173847317
2.069065173847317
2.069065173847317
2.069065173847317
2.069065173847317
2.069065173847317
2.069065173847317
2.069065173847317
2.069065173847317
2.069065173847317
2.069065173847317
2.069065173847317
2.069065173847317
2.069065173847317
2.069065173847317
2.069065173847317
2.069065173847317
2.069065173847317
2.069065173847317
2.069065173847317
2.069065173847317
2.069065173847317
2.069065173847317
2.069065173847317
2.069065173847317
2.069065173847317
2.069065173847317
2.069065173847317
2.069065173847317
2.069065173847317
2.069065173847317
2.069065173847317
2.069065173847317
2.069065173847317
2.069065173847317
2.069065173847317
2.069065173847317
2.069065173847317
2.069065173847317
2.069065173847317
2.069065173847317
2.069065173847317
2.069065173847317
2.069065173847317
2.069065173847317
2.069065173847317
2.069065173847317
2.069065173847317
2.069065173847317
2.069065173847317
2.069065173847317
2.069065173847317
2.069065173847317
2.069065173847317
2.069065173847317
2.069065173847317
2.069065173847317
2.069065173847317
2.069065173847317
2.069065173847317
2.069065173847317
2.069065173847317
2.069065173847317
2.069065173847317
2.069065173847317
2.069065173847317
2.069065173847317
2.069065173847317
2.069065173847317
2.069065173847317
2.069065173847317
2.069065173847317
2.069065173847317
2.069065173847317
2.069065173847317
2.069065173847317
2.069065173847317
2.069065173847317
2.069065173847317
2.069065173847317
2.069065173847317
2.069065173847317
2.069065173847317
2.069065173847317
2.069065173847317
2.069065173847317
2.069065173847317
2.069065173847317
2.069065173847317
2.069065173847317
2.069065173847317
2.069065173847317
2.069065173847317
2.069065173847317
2.069065173847317
2.069065173847317
2.069065173847317
2.069065173847317
2.069065173847317
2.069065173847317
2.069065173847317
2.069065173847317
2.069065173847317
2.069065173847317
2.069065173847317
2.069065173847317
2.069065173847317
2.069065173847317
2.069065173847317
2.069065173847317
2.069065173847317
2.069065173847317
2.069065173847317
2.069065173847317
2.069065173847317
2.069065173847317
2.069065173847317
2.069065173847317
2.069065173847317
